5.570933078706841179e-02
4.839968026018062197e-01
-5.752458365549539820e-02
-2.318769580832027444e-01
-8.673510275386475676e-02
-3.204642049053676445e-01
4.194627321286497068e-01
-7.214858889919391061e-01
2.216171228278116523e-01
3.841588543470606520e-01
-7.510179928145468420e-01
2.945503599509631254e-01
2.300248306408947396e-02
4.244195849727794290e-03
1.114106614032284170e-02
2.760177780581518636e-02
2.761705197170050141e-02
2.174567909226210460e-02
3.891256052314873148e-02
2.642023823459638265e-02
2.644051898169619275e-02
4.026940895609842919e-02
3.106635182814321272e-02
3.114819611342722894e-02
