1.939833676921520755e-02
3.631099401785320424e-02
3.653461891365807901e-01
1.186506134652254296e-01
-8.313701911765036812e-02
2.561243546215496991e-02
4.279679837916372520e-02
-2.746737564623664696e-01
-9.284714507548863516e-02
6.112042321623878394e-03
-1.138683119819554612e-01
-2.065958929234121833e-01
2.909958606063023367e-03
4.165527735225866834e-01
2.307002766141943439e-01
-9.521861656061334500e-01
3.076302525300689261e-01
-8.601312970225727383e-02
-1.629724854266467737e-02
4.004561028897253294e-01
2.273246722841693046e-01
-9.783426650987161466e-01
3.424276769639458262e-01
-4.787731701298270082e-02
1.402997088675206339e-02
8.972512177337410577e-03
1.081665489663385937e-02
-6.572459046906065083e-03
1.114106614032284170e-02
2.760177780581518636e-02
2.761705197170050141e-02
2.174567909226210460e-02
3.891256052314873148e-02
2.642023823459638265e-02
2.644051898169619275e-02
4.026940895609842919e-02
3.106635182814321272e-02
3.114819611342722894e-02
