-1.392923920190929366e+01
0.000000000000000000e+00
-1.012926079005080382e+01
0.000000000000000000e+00
0.000000000000000000e+00
-1.012926079005080382e+01
0.000000000000000000e+00
0.000000000000000000e+00
0.000000000000000000e+00
-1.012926079005080382e+01
-4.587095813141496947e+00
-7.317216865134896331e+00
1.843425802758422993e-01
3.555795155499967553e-04
-1.598115911920163157e+01
7.106821821376224868e+00
7.620855737225856075e+00
-2.835461474439861518e-01
-5.469338749262990431e-04
0.000000000000000000e+00
-1.272627705556427458e+01
-1.790420997846156326e-01
-2.835461474439860963e-01
-3.626962432226517929e+00
1.377890031175398752e-05
0.000000000000000000e+00
0.000000000000000000e+00
-1.272627705556427458e+01
-3.453553867434690531e-04
-5.469338749265146909e-04
1.377890031175942547e-05
-3.634105781252795264e+00
0.000000000000000000e+00
0.000000000000000000e+00
0.000000000000000000e+00
-1.272627705556427458e+01
-4.132802982369024325e-01
-9.383577867437121744e-01
-4.311557243510847903e-01
-1.647094174605748414e-04
-5.336081930207361879e+00
-4.849757477933113847e+00
-6.267186656122360588e+00
-2.718927898738694466e-03
-1.393305336901642200e+01
9.379736424709758102e-01
1.468510422203407551e+00
8.344624424783284589e-01
3.187800022838529644e-04
4.996411358076914944e+00
3.324650666544101685e-01
5.894787036347984177e+00
2.557367732871444147e-03
0.000000000000000000e+00
-1.012322434334774712e+01
4.309792181137978573e-01
8.344624424783284589e-01
3.582280268218352576e-02
1.464727257928901468e-04
6.456702780359056426e+00
5.894787036347977072e+00
3.388527769784790866e+00
3.304804622329374827e-03
0.000000000000000000e+00
0.000000000000000000e+00
-1.012322434334774712e+01
1.646419888312363323e-04
3.187800022838231488e-04
1.464727257928764587e-04
-3.475951338524188583e-01
2.801146716482801492e-03
2.557367732871451953e-03
3.304804622329389138e-03
-4.229115765934747806e+00
0.000000000000000000e+00
0.000000000000000000e+00
0.000000000000000000e+00
-1.012322434334774712e+01
-5.524469554276420502e-03
-3.088526931007702300e-02
-5.935498254549958358e-03
-2.090485568718668800e-06
-4.343627687046181518e-01
-1.104648669101224501e+00
-3.765815538596472556e-01
-1.626543522494679889e-04
-5.972958526831921411e+00
-8.521226323234674993e+00
2.459136372684491700e+00
1.076090743981904111e-03
-1.619596804547579083e+01
2.633340507689798868e-02
9.773011902720653288e-02
2.053549326988527227e-02
7.232611397755653077e-06
1.094090105336357643e+00
1.988153953300852761e+00
8.249224116015986263e-01
3.563032207497324384e-04
8.177390886629686051e+00
7.109215546147108711e+00
-3.406460167067548284e+00
-1.490629107129430803e-03
0.000000000000000000e+00
-1.266463847625197126e+01
5.060725820489704249e-03
2.053549326988526880e-02
-5.179499270227754838e-03
1.389955577081861641e-06
3.729820742600973849e-01
8.249224116015989594e-01
-1.504179976133165619e-01
1.214659685638346892e-04
-2.359909078830359608e+00
-3.406460167067551836e+00
-3.711541923743864047e+00
4.301798962350177210e-04
0.000000000000000000e+00
0.000000000000000000e+00
-1.266463847625197126e+01
1.782390263002220724e-06
7.232611397754986462e-06
1.389955577081733316e-06
-9.125988067729929112e-03
1.610996530967889675e-04
3.563032207497314084e-04
1.214659685638342691e-04
-4.316390901739607933e-01
-1.032669983078607183e-03
-1.490629107129569581e-03
4.301798962350573486e-04
-4.694610343373001093e+00
0.000000000000000000e+00
0.000000000000000000e+00
0.000000000000000000e+00
-1.266463847625197126e+01
-1.342485010785515916e-02
-5.825874226760913155e-02
1.130461216156531182e-02
-6.979283993381606227e-06
-7.610812765167475069e-01
-1.654534443648259634e+00
5.158854769051715028e-01
-3.925215585147968618e-04
-1.167078369198166321e+00
-1.389073973644403326e+00
1.955398848579064985e+00
-2.264031642019848073e-05
-5.458959470072438869e+00
2.341717595281433417e-01
7.989886454138377836e+00
-1.056149253697441894e-03
-1.392920627990070592e+01
5.825894816130668119e-02
1.698959619054952186e-01
-3.641025312936799208e-02
2.247909908176643862e-05
1.709690634774038598e+00
2.645262720614090401e+00
-1.029955078694554382e+00
7.836614729197570158e-04
1.389647775867782764e+00
5.907546302420842999e-01
-2.091046044265250092e+00
2.421088880448566178e-05
-2.439230884845993430e-01
-4.276000306869359946e+00
3.585885167156774300e-01
-4.740029742444722659e-05
0.000000000000000000e+00
-1.012931289368040844e+01
-1.130465211348165126e-02
-3.641025312936797820e-02
-1.068054244877701675e-02
-4.361877496316178985e-06
-5.330832318823681693e-01
-1.029955078694553716e+00
-3.368413265711137639e-01
-2.443464227906786551e-04
-1.956206589727623513e+00
-2.091046044265249204e+00
2.048884395737491815e+00
-3.408165798914199418e-05
-8.322599550269186963e+00
3.585885167156801501e-01
7.948447522843644641e+00
-1.617287221468749394e-03
0.000000000000000000e+00
0.000000000000000000e+00
-1.012931289368040844e+01
6.979308659045877420e-06
2.247909908176553737e-05
-4.361877496316005343e-06
-1.774563890336959895e-02
4.056068068670251039e-04
7.836614729197808682e-04
-2.443464227906862987e-04
-6.579821534659687776e-01
2.264966873986683696e-05
2.421088880445749285e-05
-3.408165798910235304e-05
-8.946802410733152300e-01
1.100129188855631041e-03
-4.740029742445260017e-05
-1.617287221468920698e-03
-4.286509792365954752e+00
0.000000000000000000e+00
0.000000000000000000e+00
0.000000000000000000e+00
-1.012931289368040844e+01
-4.130069649436409751e-01
-9.168857747565459793e-01
4.738084006895592615e-01
-2.016363557185420706e-04
-5.387019106623325726e+00
-4.602500573682844376e+00
6.515933828968350383e+00
-3.272224463934187734e-03
-9.513369091539745082e-01
4.688839654346144831e-02
2.034001618643838771e+00
-8.326668683725101290e-05
-5.872910460179268100e-01
8.113367862869204084e-01
1.128545474495222800e+00
-1.539339869403769762e-04
-6.219352436143360308e+00
8.076611628967446777e+00
2.977909208802235863e+00
-4.424640104774841122e-04
-1.392991899471138773e+01
9.168188672946164797e-01
1.388218975682446343e+00
-8.969521923704452115e-01
3.817116181564548616e-04
4.743484413747040662e+00
-1.969902610707378876e-01
-5.768165254892435811e+00
2.896703980504181791e-03
-4.690417657899634968e-02
-7.384696522959499632e-01
8.907267072838097322e-02
-3.646401316161231925e-06
-8.497902109860008268e-01
5.130858442060191038e-01
1.430249622853454472e+00
-1.950865354932135960e-04
-8.075993716721479032e+00
6.008899320910242814e+00
3.895710627276106397e+00
-5.788328746589116404e-04
0.000000000000000000e+00
-1.012818492396950631e+01
-4.737738256984273533e-01
-8.969521923704452115e-01
1.159981126603451956e-01
-1.972526745453713568e-04
-6.715529974173628958e+00
-5.768165254892438476e+00
3.894901464310557504e+00
-4.100973189878659615e-03
-2.034686150856220621e+00
8.907267072838244426e-02
3.123417135871230599e+00
-1.581795652240380022e-04
-1.182033050994241163e+00
1.430249622853454472e+00
1.474282069167220266e+00
-2.713596012001348026e-04
-2.977681379775408921e+00
3.895710627276109062e+00
-3.120571936894252385e+00
-2.134201602095124855e-04
0.000000000000000000e+00
0.000000000000000000e+00
-1.012818492396950631e+01
2.016216418063284061e-04
3.817116181564508500e-04
-1.972526745453692697e-04
-3.475093584943226288e-01
3.372459273923275949e-03
2.896703980504126714e-03
-4.100973189878579818e-03
-4.271305803903428178e+00
8.329470978904490079e-05
-3.646401316160724128e-06
-1.581795652240133908e-04
-7.405229749171944320e-01
1.612297105849742277e-04
-1.950865354932023474e-04
-2.713596012001191359e-04
-5.151528196737582554e-01
4.424301591617659651e-04
-5.788328746590111701e-04
-2.134201602095489960e-04
-4.556950560582597731e+00
0.000000000000000000e+00
0.000000000000000000e+00
0.000000000000000000e+00
-1.012818492396950631e+01
-5.351969398223797164e-02
-1.140253621285763908e-01
1.515779163709095601e-01
-1.171630606245881840e-04
-2.477794048467649168e-01
-1.258657761029797206e-01
6.736027594909766991e-01
-5.470901772670854184e-04
-1.201221104136634271e-02
5.568772869414663138e-03
5.373338652018575662e-02
-2.339631487513617558e-05
-5.534933237263643321e-03
1.218887331398574130e-02
2.393544148329929816e-02
-1.279671739001106945e-05
-4.873177461612608896e-01
7.713336829702646114e-01
8.953732539577439198e-01
-7.431564710578805527e-04
-5.556277546817058877e+00
1.796617821416090832e+00
7.756841269888984591e+00
-8.236996530211211642e-03
-1.393537859471513229e+01
1.139502325245975584e-01
1.323371141046918720e-01
-2.528716978113879077e-01
1.954586972182722365e-04
1.322897587359182225e-01
-1.837037250171082714e-01
-3.034113103960455193e-01
2.464261692081677157e-04
-5.567382859842534906e-03
-1.422507161368620834e-02
1.839925843120901808e-02
-8.011310501783840623e-06
-1.428660434269939626e-02
1.370010135955700148e-02
4.484158831388058292e-02
-2.397386876579419695e-05
-7.708227385700994194e-01
6.454145676389000386e-01
1.216888826592841255e+00
-1.010013200688233319e-03
-1.795565083745507939e+00
-3.478237294768031340e+00
2.500946196835800883e+00
-2.655756954257790844e-03
0.000000000000000000e+00
-1.011954435224913773e+01
-1.514780439511575483e-01
-2.528716978113880187e-01
2.782641446143782615e-01
-2.598301071608103471e-04
-7.079823387733470419e-01
-3.034113103960456304e-01
1.383385383121521928e+00
-1.318812410560287959e-03
-5.371997424366502238e-02
1.839925843120904930e-02
1.614035086567003341e-01
-7.730156244832125890e-05
-2.805478188434070222e-02
4.484158831388058292e-02
7.892097368572002780e-02
-4.707778300669888401e-05
-8.947801436602584868e-01
1.216888826592841033e+00
1.009685055930398700e+00
-1.172435258574545990e-03
-7.752296107911741174e+00
2.500946196835800439e+00
6.740257569680392358e+00
-1.146614761360009900e-02
0.000000000000000000e+00
0.000000000000000000e+00
-1.011954435224913773e+01
1.170858636380460146e-04
1.954586972182739983e-04
-2.598301071608126239e-04
-5.788687869624457166e-02
5.750127619936905472e-04
2.464261692081687457e-04
-1.318812410560292947e-03
-2.403964538012997310e-01
2.339047497065590629e-05
-8.011310501783694933e-06
-7.730156244831974102e-05
-1.613188391852539774e-02
1.499905967737455145e-05
-2.397386876579406142e-05
-4.707778300669862652e-05
-9.134983470445888140e-03
7.426641917166345143e-04
-1.010013200688235921e-03
-1.172435258574549676e-03
-4.028929007039814825e-01
8.232170018731542818e-03
-2.655756954257799951e-03
-1.146614761360014410e-02
-4.057487263239307751e+00
0.000000000000000000e+00
0.000000000000000000e+00
0.000000000000000000e+00
-1.011954435224913773e+01
-3.910740765210480446e-02
-4.116774479995037594e-02
1.614257482035788005e-01
2.189395173703895725e-06
-2.265657843791057946e-02
2.412616276825619091e-02
1.020964110905268341e-01
-1.051478002538369318e-06
-2.101204609901802202e-04
7.867920923270695175e-04
2.059525665699432628e-03
2.267575739828709171e-07
-9.732583315629926899e-06
9.226187936068426174e-05
1.199033228285494360e-04
9.247059871206732183e-09
-5.050991014666498385e-03
2.382857623889427304e-02
1.963330625705006841e-02
3.980414148564162176e-06
-4.357465269692286647e-01
7.537951412179833000e-01
9.181428179920964050e-01
2.706698632431624109e-04
-7.267867850748269909e+00
1.005519459696512286e+01
3.598749777381506032e+00
1.740586577050862518e-02
-2.024445599582313449e+01
3.378418090968916820e-02
-2.014775265494479425e-02
-1.114163339294380745e-01
-1.511124380661769214e-06
-2.154998561868243581e-02
-1.502131688423792404e-02
7.707352149131620200e-02
-7.937704328746572580e-07
-5.205715120485211516e-04
7.024533663368903117e-04
3.439700199406531614e-03
3.787173354700369127e-07
-7.165173025065006544e-05
3.717508320549976655e-04
5.525983638391044174e-04
4.261691865252274711e-08
-1.788047102770492364e-02
5.436017844619476375e-02
5.181245662832977689e-02
1.050434566318713637e-05
-6.788371290458694585e-01
6.255893283547174777e-01
1.251460891753512383e+00
3.689325252969649811e-04
-9.260322473303414625e+00
7.400081448955754482e+00
4.746914313419209996e+00
2.295912705095023640e-02
0.000000000000000000e+00
-1.548529605694898770e+01
-1.324735349797012407e-01
-1.114163339294381994e-01
3.883206443725079060e-01
5.925376407242250278e-06
-9.119461772075948547e-02
7.707352149131611874e-02
2.929231620354589838e-01
-3.359055196829957029e-06
-1.362660352527038723e-03
3.439700199406529879e-03
8.392239819930364178e-03
9.913394911468000624e-07
-9.311842120494300652e-05
5.525983638391038753e-04
6.646991126522537770e-04
5.538484789774354273e-08
-1.473242715753342313e-02
5.181245662832975607e-02
3.416670176818056848e-02
8.654945783065329622e-06
-8.268419369389398144e-01
1.251460891753512161e+00
1.122453217606057985e+00
4.493697689239161026e-04
-3.314265389686245289e+00
4.746914313419204667e+00
-4.164258086817381077e+00
8.217061596044964583e-03
0.000000000000000000e+00
0.000000000000000000e+00
-1.548529605694898770e+01
-1.796720296209369418e-06
-1.511124380661041189e-06
5.925376407239389001e-06
-4.856180208524803893e-02
9.392018138452042609e-07
-7.937704328755214433e-07
-3.359055196833618329e-06
-3.323437943196491662e-02
-1.500314178394918981e-07
3.787173354700556533e-07
9.913394911468498256e-07
-6.116009992619340615e-04
-7.181382431124277149e-09
4.261691865251472014e-08
5.538484789773315996e-08
-5.345642546354469646e-05
-2.986820494356682979e-06
1.050434566318759207e-05
8.654945783065710787e-06
-8.523628401108641200e-03
-2.437542282195377208e-04
3.689325252969470376e-04
4.493697689238944186e-04
-4.018597781582396444e-01
-1.602991651803454057e-02
2.295912705095019130e-02
8.217061596044959379e-03
-5.863136914119112753e+00
0.000000000000000000e+00
0.000000000000000000e+00
0.000000000000000000e+00
-1.548529605694898770e+01
-9.337802517188279318e-05
-7.007154819217222301e-04
7.725904123233959947e-04
-1.467681701101655548e-06
-1.567640997686765153e-03
-4.547009499874425133e-03
9.421789998462276258e-03
-1.829313832840316094e-05
-1.256634550452629241e-04
-2.281998004580699190e-04
1.317055353373675292e-03
-1.786903121331930386e-06
-2.550960049784359155e-04
2.770269115372016636e-04
2.215100772042310085e-03
-3.365521756159674545e-06
-1.439375452049917181e-01
7.924432174979562093e-02
4.558317841948285598e-01
-1.014706596964046539e-03
-4.490308602319409981e-01
-4.048500221405971211e-01
1.096295161972848264e+00
-2.927742476462275555e-03
-5.035704619276177851e+00
-6.352606565024547791e+00
4.580497620792585600e+00
-2.471068248929029001e-02
-2.735150699308139810e-01
-7.636398165836710827e-01
1.347570241182008410e-01
-2.138364957538481034e-03
-1.599930768761203481e+01
5.516438495726031215e-04
2.278323186198777817e-03
-2.868650955556836715e-03
5.449545382859566243e-06
4.543312412557989378e-03
5.703286837249925759e-03
-1.913199654461733221e-02
3.714625982391202584e-05
1.808029222685003201e-04
-2.025735591198372075e-04
-1.202484346145364083e-03
1.631459927614973421e-06
-2.794729492982635428e-04
-5.905832185576941800e-04
1.592090037435885770e-03
-2.418948034501959566e-06
-7.437055351201321551e-02
-1.153833895870937654e-01
1.942435943379048902e-01
-4.323969135694071745e-04
3.888161353169594658e-01
-1.042861312046920869e-01
-8.222715166143669263e-01
2.195940773873958363e-03
6.164649704298798660e+00
3.789753066880376497e+00
-5.605788097769992540e+00
3.024187790370867421e-02
8.162673563244101649e-01
1.681815995766276606e+00
-3.482296206892412371e-01
5.525812275326236374e-03
0.000000000000000000e+00
-1.272106939500392286e+01
-6.082279615516949589e-04
-2.868650955556837148e-03
2.839444860658443381e-03
-6.008525033258598112e-06
-9.414129319437431614e-03
-1.913199654461734955e-02
3.611319866759313962e-02
-7.697020630787797051e-05
-1.043504228318057388e-03
-1.202484346145365817e-03
6.529217287962688770e-03
-9.415972438042249478e-06
-2.234659233358965349e-03
1.592090037435879915e-03
1.194062048063507589e-02
-1.934185249015405377e-05
-4.277967348370340650e-01
1.942435943379046126e-01
9.681825964533363749e-01
-2.487247694730739672e-03
-1.052876929069135103e+00
-8.222715166143665932e-01
1.818690503497975008e+00
-5.946397714511883655e-03
-4.444972786292997746e+00
-5.605788097770001421e+00
5.720026236636102657e-02
-2.180567116321994667e-02
-1.440440341563259397e-01
-3.482296206892409596e-01
-2.300773474758125436e-01
-9.751220429942040416e-04
0.000000000000000000e+00
0.000000000000000000e+00
-1.272106939500392286e+01
1.155444120233424643e-06
5.449545382859562855e-06
-6.008525033258592183e-06
-3.234426215609178179e-04
1.827826452405021681e-05
3.714625982391206650e-05
-7.697020630787798406e-05
-3.529774186982887786e-03
1.415765068589014834e-06
1.631459927614985067e-06
-9.415972438042305383e-06
-4.109094211706826858e-04
3.395237978513517567e-06
-2.418948034501960413e-06
-1.934185249015413170e-05
-7.896652179414345891e-04
9.522990367281682338e-04
-4.323969135694065782e-04
-2.487247694730739672e-03
-1.491462349930814946e-01
2.811790669745946412e-03
2.195940773873962266e-03
-5.946397714511895798e-03
-4.079262855466141979e-01
2.397955861761081123e-02
3.024187790370859788e-02
-2.180567116321986340e-02
-3.984692067063752674e+00
2.285734023869414027e-03
5.525812275326242445e-03
-9.751220429942056679e-04
-2.915128176696590856e-01
0.000000000000000000e+00
0.000000000000000000e+00
0.000000000000000000e+00
-1.272106939500392286e+01
-9.289927048443245199e-06
-1.051675680433439210e-04
6.977504988910887790e-05
-8.118321278099936496e-08
-6.685000670707221719e-04
-3.172511351303091039e-03
3.097628123691660487e-03
-3.725265108283133251e-06
-3.661513097424861610e-04
-1.328383045934321055e-03
2.500251285075380612e-03
-1.885263234615669299e-06
-4.140522560086718103e-03
-4.738350781045226438e-03
2.040672647844209847e-02
-1.786639782468170344e-05
-5.734952839775120381e-01
-4.929025716811247793e-01
1.256580456898787723e+00
-1.671870938815514908e-03
-1.894556362956765494e-01
-4.210088262965105410e-01
3.433217998121709802e-01
-5.658010295600994846e-04
-4.244311070502890804e-01
-1.043255867200987730e+00
1.559188462910639505e-01
-5.995092516674709569e-04
-3.957215486933666170e-03
-1.873999463303971033e-02
-2.284079600876756178e-04
-1.767319510180679248e-05
-4.901206258316322284e+00
-7.067537389991913166e+00
-2.368370707019067822e+00
1.580146918216442445e-02
-1.393450302990002321e+01
1.051081547617785850e-04
6.363877059559601163e-04
-4.529586598188581835e-04
5.270170257063590106e-07
3.863508004182404729e-03
1.072159506370654047e-02
-1.203165325774831033e-02
1.446948965024079755e-05
1.328176318210920210e-03
2.225563198293983944e-03
-5.862885212219572616e-03
4.420788424486808922e-06
5.594322955086949295e-03
-2.571317734884567743e-03
-1.979213995515017796e-02
1.732831802367015682e-05
4.926223707081598957e-01
-1.000588830905326521e-01
-9.346109036440648499e-01
1.243492846259081379e-03
4.208016888677824086e-01
5.968725112901578367e-01
-6.286219632194760543e-01
1.035981269433675729e-03
1.043353941350618541e+00
1.833609078989941521e+00
-3.271990378990438098e-01
1.258083002942360449e-03
2.521950753068932100e-02
8.136384434409969779e-02
1.076284911552411730e-03
8.327815378980169209e-05
7.282352476262071939e+00
6.597956911364031285e+00
3.510606967899783548e+00
-2.342232474399256678e-02
0.000000000000000000e+00
-1.012093005460381434e+01
-6.973563122837128550e-05
-4.529586598188579667e-04
2.541938818559318623e-04
-3.496575982998430369e-07
-3.772314650646587959e-03
-1.203165325774830166e-02
1.014674497770037820e-02
-1.412795514747056504e-05
-2.499862187022921720e-03
-5.862885212219571748e-03
1.014559784100141013e-02
-8.320703861133145259e-06
-2.409315469703294035e-02
-1.979213995515014327e-02
7.807214215238979238e-02
-7.462812750272832343e-05
-1.255866126954368722e+00
-9.346109036440630735e-01
1.915982332650889131e+00
-3.170096685787783183e-03
-3.431528846009033740e-01
-6.286219632194757212e-01
3.386305984528036883e-01
-8.448159083087020777e-04
-1.559335038729117162e-01
-3.271990378990438098e-01
-3.067844680271943347e-01
-1.880256383158011250e-04
3.073819594027384777e-04
1.076284911552403273e-03
-6.928075049185597120e-03
1.015015937809321900e-06
2.440356425618651848e+00
3.510606967899778219e+00
-2.701743696289847563e+00
-7.848950030673023520e-03
0.000000000000000000e+00
0.000000000000000000e+00
-1.012093005460381434e+01
8.113734920186549016e-08
5.270170257063589048e-07
-3.496575982998431957e-07
-4.632814113697002515e-05
4.536655655350695233e-06
1.446948965024079247e-05
-1.412795514747056504e-05
-1.600898915745224563e-03
1.884969843204436626e-06
4.420788424486808922e-06
-8.320703861133145259e-06
-8.893803579572592648e-04
2.109392151276846288e-05
1.732831802366996708e-05
-7.462812750272764580e-05
-7.166898931030761706e-03
1.670920528144827352e-03
1.243492846259088534e-03
-3.170096685787807470e-03
-4.666624025116225538e-01
5.655226539938026323e-04
1.035981269433683318e-03
-8.448159083087086914e-04
-1.739929480728069910e-01
5.995656101907255670e-04
1.258083002942375411e-03
-1.880256383158032663e-04
-3.556849763955187149e-01
2.378385296736137348e-05
8.327815378980173275e-05
1.015015937809330794e-06
-6.941114553990488864e-03
-1.628174877295488626e-02
-2.342232474399267086e-02
-7.848950030673070358e-03
-3.878115060276045689e+00
0.000000000000000000e+00
0.000000000000000000e+00
0.000000000000000000e+00
-1.012093005460381434e+01
-3.737257619647892811e-10
-2.692050736715525700e-08
1.877944113357835697e-08
-1.726786956060463171e-11
-8.429839873286034993e-08
-1.961225463149984229e-06
1.858257950980084664e-06
-1.760993426141399842e-09
-1.076912804527589010e-07
-2.096935014940368303e-06
3.283165011934736001e-06
-2.078053038000400235e-09
-3.969760057200969513e-06
-2.647472967116821114e-05
6.564891322971116430e-05
-4.740555201066653759e-08
-5.957340915190361200e-03
-1.815776854058920309e-02
3.037421836096144273e-02
-2.999095601007693173e-05
-7.417512369040956451e-04
-4.848592980444757158e-03
4.014950834145229221e-03
-4.584764883404234098e-06
-4.337744405536313880e-03
-2.572969870086670371e-02
8.852533265976210777e-03
-1.094508197246341328e-05
-3.880761608554025444e-06
-5.633701069834338120e-05
9.372179497316222261e-06
-4.258566684544541664e-08
-2.946446857239413686e-01
-8.705392310183235338e-01
1.359684209541486277e-01
1.132687509918600460e-03
-7.155633590580696257e+00
-8.024469249143212579e+00
6.876514833200833010e+00
-2.567556287054967388e-04
-2.024463626969334484e+01
1.034728702257046387e-08
3.564905918285167121e-07
-2.590205600517485440e-07
2.381717971623187761e-10
1.368703849865101649e-06
1.671314330747074935e-05
-1.695633081952795210e-05
1.606880631879899228e-08
1.027224330316716465e-06
9.832013114662366192e-06
-1.752899069953460447e-05
1.109483447948384916e-08
2.019453484440922631e-05
5.657096293289665036e-05
-2.045585775315918338e-04
1.477132188383745142e-07
1.372053505725143348e-02
2.155525882059815268e-02
-5.243968865473538216e-02
5.177800386289548181e-05
3.366806974558096081e-03
1.368966682149812437e-02
-1.276402393786134695e-02
1.457553308587296750e-05
1.919373795840015329e-02
7.693819605473928291e-02
-2.905046186422447288e-02
3.591736702802351494e-05
5.633637640509079573e-05
5.041476404593597371e-04
-8.777870071072627121e-05
3.988522099543092142e-07
8.153130660574645638e-01
1.780347594411449297e+00
-3.267166904758481150e-01
-2.721719587438107754e-03
7.391116130714971533e+00
2.798416506323056385e+00
-7.343072123448320276e+00
2.741759663750141193e-04
0.000000000000000000e+00
-1.548507405077789478e+01
-7.218150270439539067e-09
-2.590205600517486499e-07
1.658719669026187436e-07
-1.661459490152608849e-10
-1.296844681724577180e-06
-1.695633081952796565e-05
1.488334506367591701e-05
-1.522516797059539976e-08
-1.608322125709670273e-06
-1.752899069953460786e-05
2.608145617098405673e-05
-1.737114985286484026e-08
-5.007602654235150045e-05
-2.045585775315921591e-04
4.813173337874217879e-04
-3.662818244736358042e-07
-2.295163785828597744e-02
-5.243968865473539603e-02
7.792753943455874022e-02
-8.661396867741205196e-05
-2.787935494983133540e-03
-1.276402393786134001e-02
8.844834965203249993e-03
-1.206949087235386511e-05
-6.603777438304950405e-03
-2.905046186422449717e-02
2.498721217411571573e-03
-1.235769179182594759e-05
-9.372073976804184153e-06
-8.777870071072644740e-05
-8.895200818919773788e-06
-6.635273079377229500e-08
-1.273427161294533039e-01
-3.267166904758486146e-01
-2.604299520358684950e-01
4.251019384284895875e-04
-6.333767147552851640e+00
-7.343072123448326494e+00
5.220997965832193666e-01
-2.349532462706193335e-04
0.000000000000000000e+00
0.000000000000000000e+00
-1.548507405077789478e+01
6.637155837184564674e-12
2.381717971623213094e-10
-1.661459490152625651e-10
-1.481769027276904015e-08
1.228965525501402112e-09
1.606880631879928675e-08
-1.522516797059566777e-08
-1.182736506143333426e-06
1.017974627307795008e-09
1.109483447948384916e-08
-1.737114985286483033e-08
-1.363622238002063951e-06
3.616025862354416809e-08
1.477132188383751759e-07
-3.662818244736369159e-07
-2.592264452905504259e-05
2.266203374147605150e-05
5.177800386289557668e-05
-8.661396867741218749e-05
-9.793206512136868117e-03
3.183607790633408261e-06
1.457553308587316062e-05
-1.206949087235402774e-05
-1.724594545102433110e-03
8.164768571720430081e-06
3.591736702802390797e-05
-1.235769179182607634e-05
-7.496335075953855856e-03
4.258518737731532345e-08
3.988522099543057731e-07
-6.635273079377159355e-08
-2.349769291988927170e-05
-1.060830912257068300e-03
-2.721719587438113826e-03
4.251019384284898586e-04
-3.114558771898943146e-01
2.364904905306122306e-04
2.741759663752183830e-04
-2.349532462707941882e-04
-5.770496354015912210e+00
0.000000000000000000e+00
0.000000000000000000e+00
0.000000000000000000e+00
-1.548507405077789478e+01
-1.962025962119898833e-05
-2.680148507098456794e-04
8.910039751385100267e-05
-5.022471560816631421e-08
-3.816316835971958910e-03
-2.007155333563918551e-02
9.493980184846142686e-03
-5.928239651336040201e-06
-1.004747188118191095e-02
-3.445014585855381978e-02
3.836170560901996235e-02
-6.858984810026803991e-06
-2.138613061612738842e-01
-2.758854847061960047e-01
5.835683169721158636e-01
-1.639311116499976508e-04
-5.291793005352231738e+00
-6.402336784657768121e+00
4.996083807347700301e+00
-2.600341710512334668e-03
-3.946724099167646660e-01
-1.039550583469663669e+00
1.647807586196868290e-01
-1.629051479967978677e-04
-8.665728649514274629e-02
-2.856072096665489557e-01
-1.075718427440963132e-01
1.171516529067936023e-04
-1.421990901482022695e-04
-1.117377822235556244e-03
-4.145459781141092341e-04
-2.620833546198940930e-07
-2.482043671061949508e-01
-4.751125226371969434e-01
-5.608997973157001660e-01
1.691130490782269315e-03
-5.061567147675821055e+00
-1.186943032973598600e+00
-7.771868138054044195e+00
1.419869193531521530e-02
-2.965135899644714135e-01
2.621272082098499157e-01
-7.871064102906786264e-01
9.195041969558951939e-04
-1.600460928126993920e+01
2.044012906809291122e-04
1.579824494599573392e-03
-5.559284226016087847e-04
3.133694989331779302e-07
2.005047005645779756e-02
6.898561783125284341e-02
-3.612987232517979319e-02
2.256024739315482818e-05
3.012253199434878834e-02
6.161234903849655692e-02
-8.553325641329762030e-02
1.529314969647777573e-05
2.782553369127404030e-01
7.268363424812115947e-02
-6.406769885151435417e-01
1.799736001447080650e-04
6.205348509547200742e+00
3.344570402495732786e+00
-5.880225222515493400e+00
3.060516096792924474e-03
9.960442905618032139e-01
1.895644999722337465e+00
-3.580776488159848614e-01
3.540018438035297081e-04
2.647297123632094129e-01
6.092258052512453670e-01
2.655524357884837539e-01
-2.892012072346212799e-04
1.376550027704288989e-03
6.806807814029824238e-03
2.701798853141591707e-03
1.708125381316883770e-06
4.749996748705193061e-01
5.083784025137160212e-01
9.123904891349124968e-01
-2.750885956921370491e-03
1.151387260979845673e+00
-3.734764836098722895e+00
1.768059297786894746e+00
-3.230128052446787877e-03
-2.797969989051051765e-01
-9.832168179942746278e-02
-6.451048676774956414e-01
7.536168242958131685e-04
0.000000000000000000e+00
-1.271954812348680086e+01
-6.795233996839843333e-05
-5.559284226016085679e-04
9.240250511965007372e-05
-1.041783574668041382e-07
-9.484007651508412351e-03
-3.612987232517977931e-02
9.691873013885644525e-03
-1.067114926952503093e-05
-3.354272313707996195e-02
-8.553325641329762030e-02
8.004543619983213454e-02
-1.702957395012843404e-05
-5.885811601273789329e-01
-6.406769885151445409e-01
1.124995265287080937e+00
-3.806901658770061301e-04
-4.842363382349804013e+00
-5.880225222515489847e+00
3.978843808420008399e-01
-2.388283438939937074e-03
-1.578845093518926046e-01
-3.580776488159848614e-01
-3.065961392601244118e-01
-5.611337562816709647e-05
9.970848782589528114e-02
2.655524357884835873e-01
4.192655346239153660e-03
-1.089254953415454282e-04
5.106985894135463670e-04
2.701798853141595177e-03
5.266746342420566395e-04
6.337126913104859046e-07
5.607665735288259734e-01
9.123904891349134960e-01
8.126677719369030939e-01
-3.247591469724403664e-03
7.539055977903604600e+00
1.768059297786891637e+00
7.572114303942296232e+00
-2.115023939249505852e-02
8.401646396126650762e-01
-6.451048676774951973e-01
1.623939699099005818e+00
-2.262934234706617288e-03
0.000000000000000000e+00
0.000000000000000000e+00
-1.271954812348680086e+01
3.830383528077665891e-08
3.133694989331736421e-07
-1.041783574668027486e-07
-9.241347643124784455e-05
5.922012593094165133e-06
2.256024739315484851e-05
-1.067114926952504448e-05
-7.397793762659401508e-03
5.997361817772810247e-06
1.529314969647693886e-05
-1.702957395012749892e-05
-1.519948702587174162e-02
1.653392774586403971e-04
1.799736001447069537e-04
-3.806901658770031486e-04
-2.302002166551312123e-01
2.520333918751179337e-03
3.060516096792833401e-03
-2.388283438939866818e-03
-4.190766770684370535e+00
1.560873950200425940e-04
3.540018438035297081e-04
-5.611337562816710325e-05
-3.633555215222102341e-01
-1.085880269377578761e-04
-2.892012072346304957e-04
-1.089254953415489790e-04
-9.582558654584132085e-02
3.228727489337939442e-07
1.708125381316848407e-06
6.337126913104719286e-07
-4.756894527156471479e-04
-1.690728816884088650e-03
-2.750885956921370491e-03
-3.247591469724401495e-03
-2.644559912525816792e-01
-1.377335943069047698e-02
-3.230128052446787877e-03
-2.115023939249508628e-02
-4.004749519624790643e+00
-9.814872578314869176e-04
7.536168242958047117e-04
-2.262934234706593436e-03
-3.131559849871151657e-01
0.000000000000000000e+00
0.000000000000000000e+00
0.000000000000000000e+00
-1.271954812348680086e+01
-1.470721874270809190e-07
-3.660485735397427399e-06
6.075815591629713979e-07
-3.021474673356716017e-10
-6.677669477141424091e-05
-6.031924140985994937e-04
1.273302153280457744e-04
-7.513373575792863598e-08
-1.256646507056199697e-03
-7.018360190571840823e-03
3.899984484212684274e-03
-1.727015368919266641e-07
-7.388219686342727133e-02
-2.012025358913395179e-01
1.402876978034833522e-01
-2.104197631984748828e-05
-4.865323646999383245e-01
-1.170957953360644010e+00
1.469671716973053321e-01
-3.372574750463037127e-05
-8.005704055786605142e-03
-3.833652586433186626e-02
-1.717005257472232951e-03
-2.154480622187266498e-20
-7.230299630011620274e-04
-4.695464641217033351e-03
-1.806944870568203895e-03
1.713252123488456839e-06
-1.996999953552834731e-07
-3.076702556339942349e-06
-1.165535881422872868e-06
-3.145445374785631806e-10
-3.237418318958069311e-03
-1.323708122500916358e-02
-1.082648183934686523e-02
2.688502785875793454e-05
-4.567880272731574265e-01
-7.058629767073981709e-01
-8.698844834375610846e-01
1.309561992568920603e-03
-9.552108449724608374e-02
-6.550140537642154537e-02
-2.876355958894256104e-01
3.084258199073611640e-04
-4.487735367180043511e+00
-6.488159179167301893e+00
-2.602546215765516813e+00
1.782104045292298624e-03
-1.392862899873501625e+01
3.660725518859721056e-06
4.482930479336446418e-05
-7.729537463207879159e-06
3.843862824608895845e-09
7.707468726572074512e-04
4.082789582688976793e-03
-9.140086111472909853e-04
5.393290295904184107e-07
7.021694471197753758e-03
2.408921920956548154e-02
-1.474515925373140468e-02
6.529543066502896233e-07
2.202142141051578184e-01
3.980412919984489539e-01
-3.353087396366808970e-01
5.029349450981174892e-05
1.171030519462518793e+00
2.019129105640391941e+00
-3.039529309005015723e-01
6.975054144714040673e-05
3.834183503366167534e-02
1.220604738354056223e-01
5.980119654089599210e-03
7.816945422828147061e-24
4.698868235884601924e-03
1.867128026802780671e-02
7.782422461497965488e-03
-7.378892419585955702e-06
6.122779525860201989e-06
5.128391306222122522e-05
2.027463386178004931e-05
5.471539256959911402e-09
1.557764349508612874e-02
3.948363894965326720e-02
3.710873396052005030e-02
-9.215083543630631991e-05
7.063082361190528013e-01
5.548048091251790437e-01
1.152268308972074440e+00
-1.734674903854412824e-03
7.679196677713918950e-02
-6.176592200923842341e-02
1.906199228164131287e-01
-2.043978799061132101e-04
6.687494836164420420e+00
6.029088065948218222e+00
3.843128207064502977e+00
-2.631597580437956222e-03
0.000000000000000000e+00
-1.013022652092627673e+01
-6.076213593480869097e-07
-7.729537463207879159e-06
-4.557226162423965506e-07
-6.380191966328999900e-10
-1.626999328324078983e-04
-9.140086111472903348e-04
-5.413709284524250787e-05
-1.138490469463836492e-07
-3.901837287767072338e-03
-1.474515925373140121e-02
5.747663304326353258e-03
-3.628357045933398221e-07
-1.535435176478097408e-01
-3.353087396366805639e-01
1.509296441461950578e-01
-3.506694648761291412e-05
-1.469762794835609565e-01
-3.039529309005014612e-01
-3.644604990157229718e-01
-8.754404691834964168e-06
1.717243043016084643e-03
5.980119654089600945e-03
-1.119312873360692705e-02
3.501030958273906497e-25
1.808254668084741199e-03
7.782422461497968090e-03
1.443037336804216557e-03
-2.839602217639010323e-06
2.319469984749121390e-06
2.027463386178005269e-05
5.444874677394891521e-06
2.072763035692033943e-09
1.274080528271844502e-02
3.710873396052000867e-02
2.446323795420213970e-02
-7.536928491810484566e-05
8.704332078587075916e-01
1.152268308972075550e+00
1.039824134249758503e+00
-2.137761622957326958e-03
3.372157131061260249e-01
1.906199228164136561e-01
7.318925838642341697e-01
-8.975701459757323567e-04
2.682504220102208237e+00
3.843128207064504309e+00
-2.010282533166975139e+00
-1.055592832305555151e-03
0.000000000000000000e+00
0.000000000000000000e+00
-1.013022652092627673e+01
3.021672597815432516e-10
3.843862824608895845e-09
-6.380191966328998866e-10
-1.738700778587600773e-06
9.600434374330867148e-08
5.393290295904137520e-07
-1.138490469463827493e-07
-2.470786319413291487e-04
1.727835838904465787e-07
6.529543066499559982e-07
-3.628357045931544807e-07
-2.445973190888333076e-03
2.303023795384560410e-05
5.029349450980962117e-05
-3.506694648761146400e-05
-8.286308550482222868e-02
3.372783754212229637e-05
6.975054144714017633e-05
-8.754404691834942145e-06
-4.026096913953111089e-01
-2.154778993053771912e-20
-7.816945422828144122e-24
-3.501030958273911548e-25
-1.146096460696492854e-02
-1.714494006078817390e-06
-7.378892419586074287e-06
-2.839602217639056062e-06
-1.551851727433427221e-03
6.259580894735192359e-10
5.471539256960009837e-09
2.072763035692071166e-09
-2.235689528878057394e-06
-3.163880104837065208e-05
-9.215083543630592689e-05
-7.536928491810461527e-05
-5.887452654834944565e-03
-1.310388066214346727e-03
-1.734674903854400681e-03
-2.137761622957309177e-03
-3.801937504434936832e-01
-3.615895747492414692e-04
-2.043978799061110416e-04
-8.975701459757202136e-04
-1.051736093116529824e-01
-1.836855612091949693e-03
-2.631597580437853440e-03
-1.055592832305513734e-03
-3.551846759015763855e+00
0.000000000000000000e+00
0.000000000000000000e+00
0.000000000000000000e+00
-1.013022652092627673e+01
-1.768243978624172373e-06
-1.576056940583761331e-05
2.651122759536319397e-05
-7.831964526019762762e-08
-1.035822670011307304e-05
-3.535127162455682529e-05
1.194344739474722736e-04
-3.572865872302357303e-07
-3.533830218954631201e-07
-7.590465136386763031e-07
7.791292633532479755e-06
-1.835412486376580843e-08
-4.532752542573747021e-07
1.055211959443706930e-06
8.267038339841098694e-06
-2.101811177183650448e-08
-1.376924138211198636e-03
1.372776909596057577e-03
8.567846701621880875e-03
-2.862558011170934557e-05
-8.661493294918966995e-03
-6.881705429316046368e-03
4.042851931612190253e-02
-1.517859848938468009e-04
-4.965088851697077588e-01
-4.615330634313326574e-01
1.106785698130783313e+00
-5.985518424626789895e-03
-9.682745750581361888e-02
-2.242317850910856558e-01
1.969664979021909235e-01
-1.518543155704593552e-03
-4.504169578228909288e+00
9.371008936226428165e-01
6.947613891615289639e+00
-3.762525134119937276e-02
-5.159490511068112184e-01
7.802732300099983753e-01
9.604926950129927254e-01
-5.488529685788529934e-03
-1.333187098435372198e-01
3.594761468714042230e-01
1.574483710476775877e-01
-1.563883087685014918e-03
-3.822699742858442877e-03
9.279693241478389684e-03
1.739032105642080578e-02
-7.080563058225123458e-05
-5.281037842028728408e-05
3.469204958729243385e-04
4.272936379105899958e-04
-1.534211540132913021e-06
-1.392830592327186423e+01
1.576214845301832359e-05
6.445848139738579276e-05
-1.293075553463080300e-04
3.820012418420597070e-07
4.690940208384514936e-05
3.858570731975805268e-05
-3.180030005515180574e-04
9.513016053136931468e-07
7.594334586600482160e-07
-2.616669625191340197e-06
-8.766612964101419564e-06
2.065170909932489835e-08
-1.511555547944465093e-06
-2.692744267820811590e-06
1.485741707183279266e-05
-3.777348547564322786e-08
-1.372909595708266851e-03
-1.709401489048247144e-03
5.801032903922766736e-03
-1.938152465898678082e-05
6.882897167845633893e-03
-8.259101084739732188e-03
-2.343591076533271117e-02
8.798845116204366296e-05
4.618836325198516501e-01
-4.053340860144324237e-02
-8.854428469354829190e-01
4.788492011811367084e-03
2.627375733577954620e-01
3.953862917416928746e-01
-4.407988291589165497e-01
3.398405577552920161e-03
-9.656909671419495744e-01
-3.366660841708720930e+00
1.476564908120195030e+00
-7.996432538754786809e-03
-7.807925056726862101e-01
5.930917460486686554e-01
1.252289984382167987e+00
-7.155942767898096878e-03
-4.157550653116343642e-01
7.947122971502784683e-01
4.097118381945685228e-01
-4.069533462386852075e-03
-1.087999856147072245e-02
1.217108628263716130e-02
3.547897091659416025e-02
-1.444545445715791519e-04
-3.469325276112622341e-04
1.193748695704181881e-03
1.699433590569074306e-03
-6.101870926723591198e-06
0.000000000000000000e+00
-1.013073783250744242e+01
-2.651388374807657207e-05
-1.293075553463081113e-04
2.050981788639940847e-04
-6.425733489321223678e-07
-1.584836839980221016e-04
-3.180030005515179490e-04
1.018835328801038966e-03
-3.213977929922661491e-06
-7.795264461135161338e-06
-8.766612964101404317e-06
8.651485401262406540e-05
-2.119810921785213922e-07
-1.184225363996454200e-05
1.485741707183277741e-05
1.118109979812567450e-04
-2.959356647371574042e-07
-8.568674829091748463e-03
5.801032903922756327e-03
3.356684080400622328e-02
-1.209649805158550081e-04
-4.043552052020685933e-02
-2.343591076533271811e-02
1.254325268706141250e-01
-5.169129707654280181e-04
-1.107626385145695780e+00
-8.854428469354838072e-01
1.713582555718752731e+00
-1.148310899956756642e-02
-2.307902051913973129e-01
-4.407988291589168828e-01
2.807696806278463519e-01
-2.985179129666939209e-03
-7.159579106136790827e+00
1.476564908120194808e+00
7.381348735876297695e+00
-5.928510597706113799e-02
-9.611319076138193918e-01
1.252289984382168875e+00
1.117302838886172767e+00
-8.808748641048613423e-03
-1.820981958270369294e-01
4.097118381945686338e-01
3.873548127904385963e-02
-1.782430962814448173e-03
-2.038932356423765052e-02
3.547897091659418800e-02
5.972732689727137945e-02
-2.707105550569464383e-04
-4.273084571135659076e-04
1.699433590569073655e-03
1.907126930914010464e-03
-7.515527786215397171e-06
0.000000000000000000e+00
0.000000000000000000e+00
-1.013073783250744242e+01
7.832749208424681861e-08
3.820012418420590718e-07
-6.425733489321208855e-07
-1.241122851277938799e-05
4.741017623791937569e-07
9.513016053136929351e-07
-3.213977929922662761e-06
-5.553001795784033893e-05
1.836348138818169503e-08
2.065170909932482225e-08
-2.119810921785209157e-07
-3.470234828321311741e-06
3.010773633837975865e-08
-3.777348547564324772e-08
-2.959356647371578807e-07
-4.588405510401143642e-06
2.862834692466211163e-05
-1.938152465898674694e-05
-1.209649805158549945e-04
-2.638463551755886819e-03
1.518122704139561496e-04
8.798845116204360875e-05
-5.169129707654274760e-04
-1.224639957939673354e-02
5.990064876234896946e-03
4.788492011811376625e-03
-1.148310899956758030e-02
-4.097037167912442324e-01
1.779312168463735274e-03
3.398405577552925366e-03
-2.985179129666940944e-03
-1.064075476050803520e-01
3.877316263799547580e-02
-7.996432538754783340e-03
-5.928510597706111718e-02
-3.565500284923219798e+00
5.492182329221820779e-03
-7.155942767898098612e-03
-8.808748641048609954e-03
-4.241778375908155096e-01
1.808721721646913564e-03
-4.069533462386865953e-03
-1.782430962814453377e-03
-1.406981134378881004e-01
8.301623112233297525e-05
-1.444545445715789351e-04
-2.707105550569458962e-04
-6.759834988435048375e-03
1.534264748957486990e-06
-6.101870926723576799e-06
-7.515527786215380230e-06
-1.859975987099432777e-04
0.000000000000000000e+00
0.000000000000000000e+00
0.000000000000000000e+00
-1.013073783250744242e+01
-9.141027871267661808e+00
2.881107513870225123e+00
-8.825435649595513965e+00
-5.945857070400538402e-03
-1.332323319974348053e+00
1.890551344877561935e+00
-1.142295965626684895e+00
-8.179744197270803069e-04
-5.428841544693523424e-01
1.037356172167396506e+00
3.193681745932616754e-03
-1.188715290049404191e-04
-1.094377603861809191e-02
3.590655171652448047e-02
-3.304881534824926931e-03
-4.251483600926889188e-06
-7.130146687893967015e-03
2.312494841599625414e-02
-1.034012827050143253e-02
-1.683962028581690133e-06
-8.399607518581846122e-02
1.615581273625367187e-01
-1.378397608945665931e-01
-1.321497693951903722e-05
-6.902931963823263559e-03
1.309920504701969288e-02
-2.084217797557871496e-02
7.346329442847109332e-06
-3.978477221821817220e-03
3.927526698214261341e-03
-1.435318612220618482e-02
-2.663169149908990417e-06
-1.954954340273541547e-05
8.829302643941884055e-05
-1.147193981212249220e-04
1.480944556923414495e-07
-4.014634375321861865e-06
2.988042989745030872e-05
-2.497999277893320878e-05
1.697406229336943138e-08
-6.899806276874967018e-10
1.021311852273070974e-08
-8.573615528958241038e-09
4.894038787380524224e-12
-1.842051048629753747e-05
1.218364311883229928e-04
-6.340195404208007635e-05
3.955391178132204474e-09
-4.975407970544897085e-07
5.983168867169698379e-06
-1.930043401322654270e-06
-2.002179052322264400e-10
-3.916716914972812964e-07
2.445777421983050864e-06
-4.473639395440536441e-06
1.032297438553715989e-08
-1.065732691183257863e+01
-9.142350466363678763e+00
3.065031762100981272e+00
4.297314197637169819e+00
-7.638197119213226749e+00
-1.366434832279108669e+00
1.965266937671566794e+00
5.122921943052679561e-01
-9.810187130161046598e-01
-1.360593017444320096e-01
2.655687572554845666e-01
1.562364461062441534e-01
-9.041571858249691784e-02
-4.290387163169638064e-03
1.494480311784334055e-02
4.541906611569345581e-03
-3.438545338630957793e-03
-1.505176373147808395e-02
4.695960739135036921e-02
-2.118761600519046637e-03
-1.091394187734979863e-02
-3.443746897675358798e-01
6.509153848009809895e-01
-1.623139973888020615e-01
-2.259266627119853876e-01
-1.426166265887178763e-01
2.388980564899619019e-01
-2.137895841750432346e-01
-9.448537199312018187e-02
-2.140889146107724517e-01
1.852259426933308972e-01
-4.066645715977794118e-01
-1.496440409327148002e-01
-1.241520451598410006e-03
4.123771556706974824e-03
-3.451436339690245117e-03
-1.082105022145110054e-03
-1.037146112768622748e-04
5.777246111910136527e-04
-2.924613896777997842e-04
-1.091854229469844479e-04
-7.082980322678414439e-08
7.590425560211232615e-07
-4.282163525999299388e-07
-1.197564970893595209e-07
-1.139846906171889773e-04
6.564125438039351400e-04
-1.352392760162111321e-04
-1.191114513093045760e-04
-1.389550769318626937e-06
1.523933231518623243e-05
-1.160420360727797277e-06
-2.174644696447114214e-06
-8.911073565657129684e-05
3.407732752620268746e-04
-4.550331872175273750e-04
-9.399561581353804522e-05
-3.267823307722603321e+00
-1.065736917125000360e+01
-9.142210900833982024e+00
3.064890120297289577e+00
4.287210131685080583e+00
7.643832731764525157e+00
-1.366553381044236737e+00
1.965436231706825243e+00
5.110516105383529073e-01
9.816978894125258925e-01
-1.361172450939900080e-01
2.656783162516770935e-01
1.561827241708190761e-01
9.060232579950276699e-02
-4.291790687294445503e-03
1.494935179423118390e-02
4.538785120515059779e-03
3.444039700916931134e-03
-1.503399418343727249e-02
4.690709421505723925e-02
-2.130712480747686335e-03
1.092020474219683110e-02
-3.437315832499422408e-01
6.497035682134555401e-01
-1.623085699300997053e-01
2.259235111626758941e-01
-1.418673313105682510e-01
2.376689596317479169e-01
-2.128142442023269743e-01
9.448165759039432732e-02
-2.134195961131979957e-01
1.846509851138526392e-01
-4.056016759723442000e-01
1.492804244106706868e-01
-1.225971616121474331e-03
4.075662695182513846e-03
-3.412594784570326806e-03
1.085561504404977066e-03
-1.029875380203119857e-04
5.740280368204089996e-04
-2.907336082709772031e-04
1.093881597804723582e-04
-7.022057234981436323e-08
7.529723815306859474e-07
-4.249491036662513195e-07
1.197937737279361090e-07
-1.136794762326662786e-04
6.547884542161849612e-04
-1.350610318229917108e-04
1.191344601285213186e-04
-1.387508224939389004e-06
1.521898598355433815e-05
-1.161724767641919456e-06
2.175756682345089035e-06
-8.707854655967876378e-05
3.336792937582011153e-04
-4.456847395797933057e-04
9.505329834786079317e-05
-3.267687206064752825e+00
-3.209692836491326862e+00
-1.065736950843468911e+01
-3.387952943350507340e-01
-4.749489730734346438e-01
-5.117927468044884964e-01
-2.350203790002139805e-04
-1.125471602734237742e+00
-4.264880415128516900e-01
-1.872878247386190464e+00
-9.074970843272428360e-04
-9.272564868891329581e+00
3.101003098037252048e+00
-8.825825575978209159e+00
-4.751105086412931756e-03
-1.187892975206256363e+00
1.513965709201922749e+00
-1.291773640967665226e+00
-6.610919349885641550e-04
-1.424328973697791545e-01
1.669530441662482045e-01
-2.893736274766819383e-01
-5.578925980613351330e-05
-1.216123866285943600e-01
2.780702090520115535e-02
-2.904431157265985330e-01
-4.148955438336998929e-05
-1.923249044917378549e-03
-2.189858901461046175e-05
-8.177764325376528365e-03
1.793801695438621178e-06
-7.357060754085382255e-05
-9.988032898858413631e-05
-4.292157221096980896e-04
-8.467986546205908121e-08
-2.005533425738377891e-05
2.998617261706647115e-05
-1.449839294278562965e-04
1.449317860730884431e-07
-5.391302911199478065e-05
1.650940009185419236e-04
-3.339710101428963068e-04
1.631648949791379046e-07
-3.623684327486839366e-08
2.436023996033058917e-07
-4.143757630018845075e-07
1.764439565719867820e-10
-1.482268216745730432e-03
3.815465473023580897e-03
-5.137676291158237152e-03
-1.286405855165927919e-07
-3.899883714453053073e-04
1.644041639836944010e-03
-1.250122638399488433e-03
-1.882899753327631824e-07
-9.782296568831024307e-08
2.024143554369338916e-07
-1.496592330352925507e-06
2.880349164277960028e-09
-1.007854408782681732e+00
-1.064755448312631053e-01
-1.065272407634414165e-01
-1.065671681024677042e+01
-9.655363665158574133e-08
-1.442951610762735174e-06
3.827644475324635510e-07
3.881139514972212429e-11
-2.046092273767503682e-05
-1.431646297778480491e-04
4.740386367752291209e-05
2.998691704253700857e-09
-1.863555969660797595e-04
-9.187100981488288990e-04
5.875030049036815893e-04
1.207371903524614262e-07
-8.133780880284612741e-03
-2.196988269545228564e-02
1.715384375679028170e-02
2.932734561247450304e-06
-8.528088856858288824e-02
-2.034957191454341008e-01
6.992802265125534766e-02
3.832022430427745534e-05
-2.684634440380226621e-03
-1.080462780643105455e-02
1.509791830890583244e-03
1.621662327578086541e-06
-8.202272863390739580e-04
-3.872416928197116442e-03
-6.155312419981808251e-04
1.731998550847542575e-06
-1.094388710298870044e-06
-1.011487854790102084e-05
-1.999200676493427369e-06
2.383974095508159727e-10
-8.469846199185747382e-03
-2.673488659545363369e-02
-1.155530640272148246e-02
4.796434510854045589e-05
-5.981664634164985950e-01
-1.010619196600266223e+00
-4.935394187713559866e-01
1.555087738817899573e-03
-6.598397851574109296e-01
-7.094921647742942206e-01
-9.968736942519049737e-01
1.851113666387848916e-03
-1.229913366859352042e+00
-2.050964230595290427e+00
2.433563941481740878e-01
1.014310075000385497e-03
-9.137344185525414275e+00
-6.417523928731508676e+00
6.706373637737972793e+00
5.688692093895580948e-03
-7.063763181530724510e-04
-2.714422333848611705e-03
-2.128361898362592271e-03
1.011727166995708215e-05
-1.485815935302314342e-07
-6.952679930859805975e-07
-6.945597165856802655e-07
-5.348424089842676083e-05
-1.065726744519399638e+01
-3.958244342115859477e-06
-3.801136414177672861e-05
2.319108208325015518e-06
-5.602222655996938334e-06
-5.667054521993294437e-04
-2.713319504857008690e-03
1.957457893186579506e-04
-5.242191425233716073e-04
-8.680142022624523848e-03
-2.744547116589073077e-02
1.024865138759957148e-02
-6.469978955894148051e-03
-2.092599006995478073e-01
-4.039855063747801456e-01
1.680198727326622232e-01
-1.429598228997476794e-01
-4.122278576114151161e-01
-7.729727472264387167e-01
-9.313924975628223857e-02
-2.692320539108344901e-01
-1.279290684756442982e-02
-4.007246645464790369e-02
-8.131919398596382936e-03
-9.321283176711655377e-03
-1.032245234606517150e-03
-4.168276460327828212e-03
-2.165214385558586734e-03
-8.935278376578716401e-04
-1.571249431915130312e-06
-1.268780041128882532e-05
-6.145813460822138441e-06
-2.134264908176576105e-06
-2.379052166874387995e-03
-6.745525097442243122e-03
-6.630522324658716382e-03
-1.976478158577114810e-03
-1.410190947219774615e-01
-1.767781549562428556e-01
-2.640223258853814370e-01
-9.293015813964694560e-02
-2.881235919004973209e-02
-1.795565253226194535e-02
-7.893179993646787240e-02
-2.109393074582248742e-02
-1.320335608866905375e+00
-1.561953043612163805e+00
-1.213838791428064834e+00
-9.401312807444934805e-01
-9.120291980775020235e+00
-1.178963861577138061e+00
-5.207026853179606007e+00
-7.581304366179717036e+00
-5.508885077822594384e-05
-2.212063025625421822e-04
-3.028289824743902493e-04
-6.039091522618939375e-05
-8.012182398370271155e-06
-1.680492512644936507e-05
-6.449235940004729356e-06
-3.060898464697231480e-03
-3.323317048955323649e+00
-1.065745440673969391e+01
-3.974651476044658104e-06
-3.815046339139995110e-05
2.321175465088905158e-06
5.613123645725126059e-06
-5.689275467587584902e-04
-2.722823061482633304e-03
1.958348994261121839e-04
5.250915776554038617e-04
-8.710632325926963640e-03
-2.753144726136404208e-02
1.027474775126361629e-02
6.485359741917669230e-03
-2.099473555222901855e-01
-4.052010508902086916e-01
1.683969065446354885e-01
1.432424744321490195e-01
-4.129127492627240326e-01
-7.740688193004215956e-01
-9.361322749771497365e-02
2.694438660132827401e-01
-1.281384189142834029e-02
-4.012783698365647578e-02
-8.155525878951791832e-03
9.328991095277303428e-03
-1.030876497674382839e-03
-4.162566448567492534e-03
-2.163628791964786625e-03
8.947339362684151058e-04
-1.573969045529881929e-06
-1.270673680630033727e-05
-6.158233459635013932e-06
2.133640899389595787e-06
-2.357190350627769767e-03
-6.686223522172243632e-03
-6.575911259171364313e-03
1.984011783926063754e-03
-1.403099227049733055e-01
-1.758442451601676115e-01
-2.628333860353199158e-01
9.300583622562268171e-02
-2.861856077566464485e-02
-1.782520640786191754e-02
-7.844730772281630071e-02
2.107997237464786025e-02
-1.319812618686172945e+00
-1.560649079902856950e+00
-1.214445130862869648e+00
9.398435036051547842e-01
-9.120369297182321588e+00
-1.173723648085682081e+00
-5.216060083719420426e+00
7.575960456489053918e+00
-5.401548544630432679e-05
-2.172356305111051078e-04
-2.975216558631810118e-04
6.111411720385757907e-05
-8.039217494657799196e-06
-6.479007969467178200e-06
-1.684553997494672646e-05
-3.069998607306554869e-03
-3.323028315687589718e+00
-3.257702495723544533e+00
-1.065745493766644536e+01
-1.069602242187827609e-04
-2.247847395210610956e-04
6.362791581269630322e-04
-2.182814574775911632e-06
-1.617941401337067385e-04
-6.445939406911302156e-05
9.238372606492297910e-04
-3.204990933479629287e-06
-4.214861547865652886e-06
3.224186667903195044e-06
4.051307272543642796e-05
-1.125532328932487291e-07
-2.198364770273213751e-06
6.086587860246727035e-06
1.996546010402570640e-05
-5.954825206921090249e-08
-1.308254825437260441e-03
2.134103227458247157e-03
5.467943844493733906e-03
-2.114107604298626572e-05
-1.643000208910107979e-02
5.755917917675237166e-03
5.172278658729650980e-02
-2.230863442307771819e-04
-6.474966683436570447e-01
5.473139006716218335e-02
1.200092308407033181e+00
-7.305720261407253405e-03
-6.740238485244188782e-01
-5.479033053571634726e-01
1.118656335464773610e+00
-9.190479696674035831e-03
-1.210784895550368612e+00
1.198953364662884713e+00
1.649442537385047647e+00
-1.058472983794622735e-02
-8.407674051811002414e-02
1.628440864069318206e-01
1.364192932242997702e-01
-8.826101260762367253e-04
-1.336240002673140873e-02
3.999243911419387426e-02
1.547247013094529139e-02
-1.587519395764789285e-04
-1.280900622483890569e-03
3.490023662674544228e-03
4.424413655546511476e-03
-2.063530340089762122e-05
-1.715631828353956581e-05
9.825339756674010441e-05
9.688359756591816228e-05
-4.008881622343021658e-07
-9.144157776267066495e+00
8.971292994215183114e+00
2.398560108521391232e+00
-2.762045265455311677e-02
-1.473317310801867548e-05
-1.557926901810034260e-03
-1.523398597763993062e-03
-9.801332605799902425e-07
-1.183787887821871197e-04
-1.794384533237527345e-05
-1.760553018730891690e-05
-1.065723003322623441e+01
-2.567568469493549224e-06
-1.406241134897771775e-05
2.199886500680154038e-05
-3.818929129453302468e-06
-1.654403108938379987e-05
-4.234116143203267205e-05
1.159425233749122929e-04
-2.027003406188501359e-05
-1.219074254021278205e-06
-2.256186353412565225e-06
1.343633145739286032e-05
-1.941195810479403270e-06
-2.828690745914661655e-06
9.477809063097858213e-07
2.576476663786465059e-05
-3.954125317226706897e-06
-1.819288742450838291e-03
2.983852354731986352e-04
7.644091511633602232e-03
-1.525657856695817076e-03
-5.371461451621629100e-03
-5.080746444440917796e-03
1.871969560623497342e-02
-4.169781924634670053e-03
-1.481562046143568290e-01
-1.554190821090266073e-01
2.921472061987238078e-01
-9.862467606924169017e-02
-2.822024016205131741e-02
-5.973961556270069445e-02
5.236300641643271830e-02
-2.095938969079141900e-02
-1.329292271303476713e+00
-3.048478888688646027e-01
1.963856505491576199e+00
-9.504778775196929264e-01
-4.649581146052166880e-01
3.558570940140521333e-01
7.809588289193362121e-01
-3.054360085384516532e-01
-3.417372698873423209e-01
5.267523706587717847e-01
3.975277011295163532e-01
-2.387711147546560386e-01
-7.978612033663280007e-03
8.719238334138708704e-03
2.548076603432009035e-02
-6.250101052264912110e-03
-3.921034982997892719e-04
1.072480648894939305e-03
1.737070309113295354e-03
-3.717116223708569916e-04
-9.114726785972596446e+00
-4.077820223608720873e+00
3.540855023726017681e+00
-7.533851168778467944e+00
-4.963006356808096047e-07
-9.206133825321887625e-05
-3.484269606476066296e-05
-2.393255606564445524e-07
-3.162853411077103539e-03
-3.833281266033872247e-04
-1.458549756125509546e-04
-3.304638888816958886e+00
-1.065739932787002253e+01
-2.535654626363658425e-06
-1.389468552795787382e-05
2.179273049018878248e-05
3.642061439244431072e-06
-1.628533286446667995e-05
-4.168377067102734115e-05
1.144960281638482570e-04
1.926735365919038007e-05
-1.189651698757542150e-06
-2.202198367484140281e-06
1.316303996827388826e-05
1.833036319791342644e-06
-2.757194812716608793e-06
9.349758361396145957e-07
2.520888164898413505e-05
3.727383445102836648e-06
-1.794234346332047045e-03
2.981843117905714460e-04
7.563530906980656110e-03
1.454236054746532855e-03
-5.326621469666151590e-03
-5.031252266484213115e-03
1.861997390903240637e-02
3.995112641868360862e-03
-1.482784390659356855e-01
-1.553082947724180873e-01
2.934871510637127590e-01
9.562878842396675683e-02
-2.849880451205913379e-02
-6.025459765447081090e-02
5.309481999642906569e-02
2.040639597052595552e-02
-1.327930857040104273e+00
-3.022339856609753683e-01
1.972405409589150782e+00
9.290493136579309752e-01
-4.637262228316535451e-01
3.556430776263096449e-01
7.822984292897211533e-01
2.960789413048607321e-01
-3.426715031008917278e-01
5.287684188102892424e-01
4.012980065920778161e-01
2.327232842341435404e-01
-7.892841183811390854e-03
8.645592336187878438e-03
2.529142100378191371e-02
5.979098039207178701e-03
-3.860891622679235948e-04
1.058273185757512220e-03
1.716732197679933514e-03
3.538906415377970492e-04
-9.115663254000388349e+00
-4.060039928642842355e+00
3.626722909107574111e+00
7.503208461362675941e+00
-4.881259433040463059e-07
-3.535326433556578400e-05
-8.960440310848827165e-05
-2.331976308810281937e-07
-3.137730549295199636e-03
-1.461023237108244539e-04
-3.701803948201910365e-04
-3.303026806731556686e+00
-3.323575361928053251e+00
-1.065740092965098818e+01
