1.500000000000000222e-01
7.500000000000001110e-02
-6.397800000000000709e-02
-3.198900000000000354e-02
1.500000000000000222e-01
7.500000000000001110e-02
-6.397800000000000709e-02
-3.198900000000000354e-02
1.500000000000000222e-01
7.500000000000001110e-02
1.500000000000000222e-01
7.500000000000001110e-02
1.500000000000000222e-01
7.500000000000001110e-02
-5.171339999999999965e-02
-2.585669999999999982e-02
-6.397800000000000709e-02
-3.198900000000000354e-02
1.500000000000000222e-01
7.500000000000001110e-02
-5.171339999999999965e-02
-2.585669999999999982e-02
-6.397800000000000709e-02
-3.198900000000000354e-02
1.500000000000000222e-01
7.500000000000001110e-02
1.500000000000000222e-01
7.500000000000001110e-02
8.000000000000001554e-02
8.000000000000001554e-02
8.000000000000001554e-02
8.000000000000001554e-02
8.000000000000001554e-02
8.000000000000001554e-02
8.000000000000001554e-02
8.000000000000001554e-02
8.000000000000001554e-02
8.000000000000001554e-02
