6.953346895649638178e-310
6.953346895649638178e-310
1.000000000000000000e+00
1.000000000000000000e+00
1.000000000000000000e+00
1.000000000000000000e+00
1.000000000000000000e+00
1.000000000000000000e+00
1.000000000000000000e+00
1.000000000000000000e+00
1.000000000000000000e+00
1.000000000000000000e+00
1.000000000000000000e+00
1.000000000000000000e+00
1.000000000000000000e+00
1.000000000000000000e+00
1.000000000000000000e+00
1.000000000000000000e+00
6.165553223023563234e-01
1.000000000000000000e+00
-5.318825466477486996e-01
-2.841541301758094273e-01
-4.081005224942763077e-01
-4.700012122880691257e-01
-4.684322742122014605e-01
-4.081152997077389655e-01
-4.500347396400776190e-01
-4.427449831023814175e-01
-4.996595061127697690e-01
-5.158483995864096006e-01
-5.349157404486326595e-01
-5.071349806027840579e-01
-5.286158869691142126e-01
-5.215891850186408218e-01
-1.990406809465510851e-01
-1.990196752783870426e-01
-1.990219204711304868e-01
-4.290830073039516579e-01
